Boy0 63 176 91 80 2 0
Boy1 73 162 70 96 1 0
Boy2 55 175 84 77 2 0
Boy3 55 196 79 63 2 0
Boy4 74 195 82 95 2 0
Boy5 67 184 64 93 2 0
Boy6 87 158 76 78 2 0
Boy7 84 153 51 54 1 0
Boy8 82 160 76 68 1 0
Boy9 62 176 86 94 2 0
Boy10 95 170 84 78 2 0
Boy11 51 197 52 67 0 0
Boy12 52 156 51 80 2 0
Boy13 91 165 89 94 2 0
Boy14 90 179 81 67 0 0
Boy15 71 181 75 59 1 0
Boy16 67 156 97 53 0 0
Boy17 65 156 83 69 2 0
Boy18 78 171 82 79 0 0
Boy19 69 170 68 58 2 0
Boy20 90 199 96 73 2 0
Boy21 95 196 51 71 2 0
Boy22 79 188 64 78 1 0
Boy23 50 193 50 84 1 0
Boy24 74 164 87 56 0 0
Boy25 91 177 65 59 1 0
Boy26 82 151 87 78 2 0
Boy27 57 174 71 58 1 0
Boy28 79 187 85 93 2 0
Boy29 78 193 61 78 0 0
Boy30 76 154 93 63 2 0
Boy31 88 156 90 54 1 0
Boy32 78 188 69 67 2 0
Boy33 96 174 93 70 2 0
Boy34 90 199 72 75 1 0
Boy35 90 155 89 54 1 0
Boy36 69 182 92 64 1 0
Boy37 57 155 54 98 2 0
Boy38 72 178 99 93 1 0
Boy39 68 190 72 61 1 0
Boy40 55 151 61 80 1 0
Boy41 55 170 86 94 0 0
Boy42 72 165 58 66 0 0
Boy43 58 174 87 62 2 0
Boy44 50 186 52 99 0 0
Boy45 50 168 71 73 2 0
Boy46 81 180 83 94 1 0
Boy47 63 199 81 99 1 0
Boy48 59 173 63 68 2 0
Boy49 95 176 66 84 0 0
Boy50 90 184 76 92 0 0
Boy51 57 195 56 79 0 0
Boy52 87 162 98 72 0 0
Boy53 59 186 60 92 2 0
Boy54 56 151 63 72 1 0
Boy55 55 169 99 71 2 0
Boy56 89 161 90 67 2 0
Boy57 78 177 50 84 1 0
Boy58 70 174 72 69 2 0
Boy59 81 180 84 92 0 0
Boy60 72 150 75 85 2 0
Boy61 99 190 92 98 2 0
Boy62 98 190 74 90 2 0
Boy63 81 169 86 82 1 0
Boy64 94 154 79 69 0 0
Boy65 76 150 55 60 1 0
Boy66 79 184 93 55 2 0
Boy67 67 154 63 61 2 0
Boy68 76 159 94 52 1 0
Boy69 56 184 71 92 0 0
Boy70 78 189 72 58 0 0
Boy71 98 186 58 53 2 0
Boy72 53 183 83 98 0 0
Boy73 54 167 96 68 0 0
Boy74 50 196 88 97 2 0
Boy75 90 153 83 63 2 0
Boy76 53 192 86 75 2 0
Boy77 96 175 88 57 0 0
Boy78 86 160 64 71 0 0
Boy79 54 178 77 50 2 0
Boy80 56 152 94 97 1 0
Boy81 93 189 52 78 0 0
Boy82 50 181 97 88 1 0
Boy83 51 185 84 89 2 0
Boy84 65 177 54 79 1 0
Boy85 64 185 79 93 1 0
Boy86 77 150 88 71 2 0
Boy87 89 167 88 92 2 0
Boy88 93 194 79 90 0 0
Boy89 90 191 69 76 2 0
Boy90 61 192 60 67 0 0
Boy91 61 181 59 90 0 0
Boy92 96 167 77 84 0 0
Boy93 76 174 57 64 2 0
Boy94 55 158 62 86 1 0
Boy95 96 176 94 66 2 0
Boy96 78 179 96 90 2 0
Boy97 70 151 80 81 1 0
Boy98 57 177 62 86 0 0
Boy99 55 162 90 62 0 0
