Gift0 1 47 36 10 8 -1 -1
Gift1 1 42 36 14 6 -1 -1
Gift2 2 30 27 -1 -1 14 8
Gift3 1 36 30 7 11 -1 -1
Gift4 2 27 28 -1 -1 14 7
Gift5 2 23 22 -1 -1 12 10
Gift6 2 22 22 -1 -1 13 14
Gift7 0 17 14 -1 -1 -1 -1
Gift8 1 39 32 8 6 -1 -1
Gift9 2 37 24 -1 -1 13 9
Gift10 2 33 30 -1 -1 11 6
Gift11 2 33 36 -1 -1 7 5
Gift12 1 35 31 10 9 -1 -1
Gift13 0 6 17 -1 -1 -1 -1
Gift14 1 43 39 12 9 -1 -1
Gift15 0 6 3 -1 -1 -1 -1
Gift16 2 34 27 -1 -1 9 8
Gift17 2 28 27 -1 -1 11 13
Gift18 2 23 24 -1 -1 6 9
Gift19 1 30 42 11 13 -1 -1
Gift20 1 36 42 11 9 -1 -1
Gift21 2 30 35 -1 -1 9 13
Gift22 2 37 21 -1 -1 7 12
Gift23 0 17 13 -1 -1 -1 -1
Gift24 1 36 30 6 10 -1 -1
Gift25 2 39 24 -1 -1 5 14
Gift26 0 18 18 -1 -1 -1 -1
Gift27 2 35 21 -1 -1 14 12
Gift28 0 18 17 -1 -1 -1 -1
Gift29 0 6 7 -1 -1 -1 -1
Gift30 1 49 33 9 13 -1 -1
Gift31 0 10 13 -1 -1 -1 -1
Gift32 0 11 20 -1 -1 -1 -1
Gift33 0 16 9 -1 -1 -1 -1
Gift34 1 46 39 8 13 -1 -1
Gift35 1 41 36 6 10 -1 -1
Gift36 2 24 28 -1 -1 13 6
Gift37 2 20 33 -1 -1 9 9
Gift38 0 8 15 -1 -1 -1 -1
Gift39 2 31 23 -1 -1 12 10
Gift40 0 13 17 -1 -1 -1 -1
Gift41 2 28 37 -1 -1 10 12
Gift42 0 19 2 -1 -1 -1 -1
Gift43 1 47 39 10 8 -1 -1
Gift44 2 23 28 -1 -1 6 13
Gift45 0 5 17 -1 -1 -1 -1
Gift46 1 43 33 13 11 -1 -1
Gift47 1 48 34 13 13 -1 -1
Gift48 0 18 18 -1 -1 -1 -1
Gift49 0 4 5 -1 -1 -1 -1
Gift50 0 11 4 -1 -1 -1 -1
Gift51 2 25 32 -1 -1 9 5
Gift52 2 34 39 -1 -1 11 14
Gift53 2 24 22 -1 -1 12 12
Gift54 0 9 5 -1 -1 -1 -1
Gift55 2 28 22 -1 -1 14 8
Gift56 1 30 38 7 6 -1 -1
Gift57 1 31 35 6 5 -1 -1
Gift58 1 30 35 11 9 -1 -1
Gift59 0 6 3 -1 -1 -1 -1
Gift60 2 22 36 -1 -1 13 9
Gift61 0 5 3 -1 -1 -1 -1
Gift62 0 13 17 -1 -1 -1 -1
Gift63 2 30 39 -1 -1 13 6
Gift64 0 2 12 -1 -1 -1 -1
Gift65 1 44 43 5 8 -1 -1
Gift66 1 49 31 11 14 -1 -1
Gift67 0 9 14 -1 -1 -1 -1
Gift68 2 26 35 -1 -1 11 9
Gift69 0 5 11 -1 -1 -1 -1
Gift70 0 17 3 -1 -1 -1 -1
Gift71 1 46 35 14 13 -1 -1
Gift72 2 28 32 -1 -1 7 14
Gift73 0 11 17 -1 -1 -1 -1
Gift74 0 7 8 -1 -1 -1 -1
Gift75 0 13 14 -1 -1 -1 -1
Gift76 1 49 45 14 6 -1 -1
Gift77 2 31 39 -1 -1 5 12
Gift78 2 27 28 -1 -1 5 9
Gift79 1 34 30 7 14 -1 -1
Gift80 2 30 21 -1 -1 9 7
Gift81 0 11 13 -1 -1 -1 -1
Gift82 1 32 35 14 5 -1 -1
Gift83 2 33 38 -1 -1 13 5
Gift84 0 10 11 -1 -1 -1 -1
Gift85 0 17 20 -1 -1 -1 -1
Gift86 0 15 16 -1 -1 -1 -1
Gift87 1 39 49 8 11 -1 -1
Gift88 0 1 16 -1 -1 -1 -1
Gift89 1 34 49 8 10 -1 -1
Gift90 2 24 27 -1 -1 8 6
Gift91 2 39 26 -1 -1 9 7
Gift92 1 34 36 6 7 -1 -1
Gift93 0 10 9 -1 -1 -1 -1
Gift94 1 48 38 13 11 -1 -1
Gift95 0 9 14 -1 -1 -1 -1
Gift96 0 14 14 -1 -1 -1 -1
Gift97 2 34 30 -1 -1 12 11
Gift98 2 20 29 -1 -1 11 13
Gift99 2 30 29 -1 -1 8 8
